SCAPS output generated by a script
filename	C:\Program Files (x86)\Scaps3309\script\pythonscript.script
script file date	5-10-2026, 11:31:2
script command	save results.iv newchamp_iv.txt
SCAPS 3.3.10 ELIS-UGent: Version scaps3310.exe, dated 00-00-   0, 00:00:00
Simulation of I-V curves
Single shot simulation #	1
Calculation started : 	5-10-2026 at 11:31:10

problem definition file :	C:\Program Files (x86)\Scaps3309\def\csPbI3-CBTS-r7.def
last saved: 	04-10-2026 at 14:07:51

Calculation under illumination
Optical generation from internal SCAPS calculation
Illumination spectrum read from file
spectrum file :	
C:\Program Files (x86)\Scaps3309\spectrum\AM1_5G 1 sun.spe  last saved: 	28-07-2026 at 01:23:42
Neutral density filter: ND	  0.0000
Transmission of ND filter:	  1.0000e+00
Power from spectrum:	  100.0000	mW/cm2
Incident power on solar cell structure	  100.0000	mW/cm2

Working point conditions
Temperature	  300.00	K
Workpoint bias voltage	    0.0000	Volt
Frequency	  1.0000e+06	Hz

Voltage reference convention: voltage referred to right contact, voltage V applied to left contact
Current reference convention: current positive when entering the left contact
Power generated by the cell: = -V*I; power consumed by the cell = +V*I

    v(V)	jtot(mA/cm2)	j_total_rec(mA/cm2)	j_total_gen(mA/cm2)	   jbulk(mA/cm2)	jifr(mA/cm2)	jminor_left(mA/cm2)	jminor_right(mA/cm2)	j_SRH(mA/cm2)	j_Radiative(mA/cm2)	j_Auger(mA/cm2)

   0.000000	   -2.11974091e+01	        7.52892296e-03	    2.12049615e+01	    4.20490794e-04	    1.20931062e-04	    2.24706631e-06	    6.98525404e-03	    4.20490794e-04	    0.00000000e+00	    0.00000000e+00
   0.020000	   -2.11974050e+01	        7.53310283e-03	    2.12049615e+01	    4.23295123e-04	    1.21626458e-04	    2.25878038e-06	    6.98592247e-03	    4.23295123e-04	    0.00000000e+00	    0.00000000e+00
   0.040000	   -2.11974007e+01	        7.53733488e-03	    2.12049615e+01	    4.26142982e-04	    1.22332215e-04	    2.27066732e-06	    6.98658902e-03	    4.26142982e-04	    0.00000000e+00	    0.00000000e+00
   0.060000	   -2.11973964e+01	        7.54162126e-03	    2.12049615e+01	    4.29036024e-04	    1.23048804e-04	    2.28273506e-06	    6.98725370e-03	    4.29036024e-04	    0.00000000e+00	    0.00000000e+00
   0.080000	   -2.11973921e+01	        7.54596413e-03	    2.12049615e+01	    4.31975933e-04	    1.23776686e-04	    2.29499134e-06	    6.98791652e-03	    4.31975933e-04	    0.00000000e+00	    0.00000000e+00
   0.100000	   -2.11973877e+01	        7.55036581e-03	    2.12049615e+01	    4.34964521e-04	    1.24516331e-04	    2.30744407e-06	    6.98857752e-03	    4.34964521e-04	    0.00000000e+00	    0.00000000e+00
   0.120000	   -2.11973832e+01	        7.55482878e-03	    2.12049615e+01	    4.38003726e-04	    1.25268212e-04	    2.32010112e-06	    6.98923674e-03	    4.38003726e-04	    0.00000000e+00	    0.00000000e+00
   0.140000	   -2.11973787e+01	        7.55935558e-03	    2.12049615e+01	    4.41095570e-04	    1.26032792e-04	    2.33297022e-06	    6.98989425e-03	    4.41095570e-04	    0.00000000e+00	    0.00000000e+00
   0.160000	   -2.11973741e+01	        7.56394876e-03	    2.12049615e+01	    4.44242106e-04	    1.26810517e-04	    2.34605876e-06	    6.99055008e-03	    4.44242106e-04	    0.00000000e+00	    0.00000000e+00
   0.180000	   -2.11973694e+01	        7.56861085e-03	    2.12049615e+01	    4.47445362e-04	    1.27601815e-04	    2.35937380e-06	    6.99120430e-03	    4.47445362e-04	    0.00000000e+00	    0.00000000e+00
   0.200000	   -2.11973647e+01	        7.57334425e-03	    2.12049615e+01	    4.50707292e-04	    1.28407091e-04	    2.37292198e-06	    6.99185695e-03	    4.50707292e-04	    0.00000000e+00	    0.00000000e+00
   0.220000	   -2.11973599e+01	        7.57815124e-03	    2.12049615e+01	    4.54029724e-04	    1.29226734e-04	    2.38670965e-06	    6.99250807e-03	    4.54029724e-04	    0.00000000e+00	    0.00000000e+00
   0.240000	   -2.11973550e+01	        7.58303389e-03	    2.12049615e+01	    4.57414331e-04	    1.30061123e-04	    2.40074295e-06	    6.99315770e-03	    4.57414331e-04	    0.00000000e+00	    0.00000000e+00
   0.260000	   -2.11973501e+01	        7.58799411e-03	    2.12049615e+01	    4.60862614e-04	    1.30910636e-04	    2.41502802e-06	    6.99380583e-03	    4.60862614e-04	    0.00000000e+00	    0.00000000e+00
   0.280000	   -2.11973450e+01	        7.59303370e-03	    2.12049615e+01	    4.64375974e-04	    1.31775665e-04	    2.42957120e-06	    6.99445249e-03	    4.64375974e-04	    0.00000000e+00	    0.00000000e+00
   0.300000	   -2.11973399e+01	        7.59815452e-03	    2.12049615e+01	    4.67955854e-04	    1.32656633e-04	    2.44437933e-06	    6.99509765e-03	    4.67955854e-04	    0.00000000e+00	    0.00000000e+00
   0.320000	   -2.11973347e+01	        7.60335870e-03	    2.12049615e+01	    4.71603942e-04	    1.33554003e-04	    2.45945996e-06	    6.99574130e-03	    4.71603942e-04	    0.00000000e+00	    0.00000000e+00
   0.340000	   -2.11973294e+01	        7.60864885e-03	    2.12049615e+01	    4.75322329e-04	    1.34468294e-04	    2.47482157e-06	    6.99638341e-03	    4.75322329e-04	    0.00000000e+00	    0.00000000e+00
   0.360000	   -2.11973240e+01	        7.61402811e-03	    2.12049615e+01	    4.79113583e-04	    1.35400091e-04	    2.49047375e-06	    6.99702396e-03	    4.79113583e-04	    0.00000000e+00	    0.00000000e+00
   0.380000	   -2.11973186e+01	        7.61950014e-03	    2.12049615e+01	    4.82980728e-04	    1.36350051e-04	    2.50642731e-06	    6.99766293e-03	    4.82980728e-04	    0.00000000e+00	    0.00000000e+00
   0.400000	   -2.11973130e+01	        7.62506904e-03	    2.12049615e+01	    4.86927142e-04	    1.37318905e-04	    2.52269427e-06	    6.99830030e-03	    4.86927142e-04	    0.00000000e+00	    0.00000000e+00
   0.420000	   -2.11973073e+01	        7.63073923e-03	    2.12049615e+01	    4.90956411e-04	    1.38307454e-04	    2.53928786e-06	    6.99893607e-03	    4.90956411e-04	    0.00000000e+00	    0.00000000e+00
   0.440000	   -2.11973015e+01	        7.63651523e-03	    2.12049615e+01	    4.95072198e-04	    1.39316567e-04	    2.55622238e-06	    6.99957025e-03	    4.95072198e-04	    0.00000000e+00	    0.00000000e+00
   0.460000	   -2.11972957e+01	        7.64240172e-03	    2.12049615e+01	    4.99278197e-04	    1.40347172e-04	    2.57351310e-06	    7.00020284e-03	    4.99278197e-04	    0.00000000e+00	    0.00000000e+00
   0.480000	   -2.11972896e+01	        7.64840353e-03	    2.12049615e+01	    5.03578241e-04	    1.41400244e-04	    2.59117607e-06	    7.00083387e-03	    5.03578241e-04	    0.00000000e+00	    0.00000000e+00
   0.500000	   -2.11972835e+01	        7.65452590e-03	    2.12049615e+01	    5.07976492e-04	    1.42476806e-04	    2.60922803e-06	    7.00146337e-03	    5.07976492e-04	    0.00000000e+00	    0.00000000e+00
   0.520000	   -2.11972773e+01	        7.66077457e-03	    2.12049615e+01	    5.12477600e-04	    1.43577918e-04	    2.62768634e-06	    7.00209137e-03	    5.12477600e-04	    0.00000000e+00	    0.00000000e+00
   0.540000	   -2.11972709e+01	        7.66715587e-03	    2.12049615e+01	    5.17086732e-04	    1.44704684e-04	    2.64656900e-06	    7.00271789e-03	    5.17086732e-04	    0.00000000e+00	    0.00000000e+00
   0.560000	   -2.11972644e+01	        7.67367661e-03	    2.12049615e+01	    5.21809507e-04	    1.45858258e-04	    2.66589479e-06	    7.00334295e-03	    5.21809507e-04	    0.00000000e+00	    0.00000000e+00
   0.580000	   -2.11972577e+01	        7.68034406e-03	    2.12049615e+01	    5.26651950e-04	    1.47039857e-04	    2.68568345e-06	    7.00396657e-03	    5.26651950e-04	    0.00000000e+00	    0.00000000e+00
   0.600000	   -2.11972509e+01	        7.68716610e-03	    2.12049615e+01	    5.31620604e-04	    1.48250780e-04	    2.70595607e-06	    7.00458876e-03	    5.31620604e-04	    0.00000000e+00	    0.00000000e+00
   0.620000	   -2.11972439e+01	        7.69415161e-03	    2.12049615e+01	    5.36722926e-04	    1.49492431e-04	    2.72673539e-06	    7.00520951e-03	    5.36722926e-04	    0.00000000e+00	    0.00000000e+00
   0.640000	   -2.11972367e+01	        7.70131118e-03	    2.12049615e+01	    5.41967958e-04	    1.50766346e-04	    2.74804625e-06	    7.00582883e-03	    5.41967958e-04	    0.00000000e+00	    0.00000000e+00
   0.660000	   -2.11972294e+01	        7.70865806e-03	    2.12049615e+01	    5.47367229e-04	    1.52074217e-04	    2.76991594e-06	    7.00644670e-03	    5.47367229e-04	    0.00000000e+00	    0.00000000e+00
   0.680000	   -2.11972218e+01	        7.71620933e-03	    2.12049615e+01	    5.52935899e-04	    1.53417922e-04	    2.79237467e-06	    7.00706313e-03	    5.52935899e-04	    0.00000000e+00	    0.00000000e+00
   0.700000	   -2.11972141e+01	        7.72398748e-03	    2.12049615e+01	    5.58694335e-04	    1.54799568e-04	    2.81545602e-06	    7.00767812e-03	    5.58694335e-04	    0.00000000e+00	    0.00000000e+00
   0.720000	   -2.11972060e+01	        7.73202288e-03	    2.12049615e+01	    5.64670452e-04	    1.56221551e-04	    2.83919760e-06	    7.00829168e-03	    5.64670452e-04	    0.00000000e+00	    0.00000000e+00
   0.740000	   -2.11971977e+01	        7.74035736e-03	    2.12049615e+01	    5.70903227e-04	    1.57686680e-04	    2.86364235e-06	    7.00890381e-03	    5.70903227e-04	    0.00000000e+00	    0.00000000e+00
   0.760000	   -2.11971890e+01	        7.74904983e-03	    2.12049615e+01	    5.77448029e-04	    1.59198424e-04	    2.88884094e-06	    7.00951454e-03	    5.77448029e-04	    0.00000000e+00	    0.00000000e+00
   0.780000	   -2.11971799e+01	        7.75818492e-03	    2.12049615e+01	    5.84384763e-04	    1.60761431e-04	    2.91485694e-06	    7.01012387e-03	    5.84384763e-04	    0.00000000e+00	    0.00000000e+00
   0.800000	   -2.11971702e+01	        7.76788688e-03	    2.12049615e+01	    5.91830655e-04	    1.62382635e-04	    2.94177758e-06	    7.01073181e-03	    5.91830655e-04	    0.00000000e+00	    0.00000000e+00
   0.820000	   -2.11971597e+01	        7.77834285e-03	    2.12049615e+01	    5.99961107e-04	    1.64073611e-04	    2.96973660e-06	    7.01133839e-03	    5.99961107e-04	    0.00000000e+00	    0.00000000e+00
   0.840000	   -2.11971482e+01	        7.78984341e-03	    2.12049615e+01	    6.09045223e-04	    1.65855623e-04	    2.99896299e-06	    7.01194361e-03	    6.09045223e-04	    0.00000000e+00	    0.00000000e+00
   0.860000	   -2.11971352e+01	        7.80285653e-03	    2.12049615e+01	    6.19508705e-04	    1.67770476e-04	    3.02988554e-06	    7.01254746e-03	    6.19508705e-04	    0.00000000e+00	    0.00000000e+00
   0.880000	   -2.11971199e+01	        7.81816600e-03	    2.12049615e+01	    6.32048770e-04	    1.69903896e-04	    3.06335786e-06	    7.01314998e-03	    6.32048770e-04	    0.00000000e+00	    0.00000000e+00
   0.900000	   -2.11971009e+01	        7.83713780e-03	    2.12049615e+01	    6.47849522e-04	    1.72435983e-04	    3.10114399e-06	    7.01375115e-03	    6.47849522e-04	    0.00000000e+00	    0.00000000e+00
   0.920000	   -2.11970758e+01	        7.86224274e-03	    2.12049615e+01	    6.68994605e-04	    1.75750181e-04	    3.14696778e-06	    7.01435099e-03	    6.68994605e-04	    0.00000000e+00	    0.00000000e+00
   0.940000	   -2.11970400e+01	        7.89810129e-03	    2.12049615e+01	    6.99274282e-04	    1.80668718e-04	    3.20878226e-06	    7.01494951e-03	    6.99274282e-04	    0.00000000e+00	    0.00000000e+00
   0.960000	   -2.11969844e+01	        7.95360651e-03	    2.12049615e+01	    7.45794627e-04	    1.88961473e-04	    3.30367937e-06	    7.01554673e-03	    7.45794627e-04	    0.00000000e+00	    0.00000000e+00
   0.980000	   -2.11968918e+01	        8.04629967e-03	    2.12049615e+01	    8.22242602e-04	    2.04445905e-04	    3.46851390e-06	    7.01614265e-03	    8.22242602e-04	    0.00000000e+00	    0.00000000e+00
   1.000000	   -2.11967266e+01	        8.21149696e-03	    2.12049615e+01	    9.55611956e-04	    2.35364807e-04	    3.78289535e-06	    7.01673730e-03	    9.55611956e-04	    0.00000000e+00	    0.00000000e+00
   1.020000	   -2.11964165e+01	        8.52150680e-03	    2.12049615e+01	    1.20023056e-03	    2.99526598e-04	    4.41894857e-06	    7.01733069e-03	    1.20023056e-03	    0.00000000e+00	    0.00000000e+00
   1.040000	   -2.11958117e+01	        9.12638340e-03	    2.12049615e+01	    1.66729347e-03	    4.35418064e-04	    5.74901444e-06	    7.01792286e-03	    1.66729347e-03	    0.00000000e+00	    0.00000000e+00
   1.060000	   -2.11945973e+01	        1.03407792e-02	    2.12049615e+01	    2.58745723e-03	    7.26229360e-04	    8.57875974e-06	    7.01851383e-03	    2.58745723e-03	    0.00000000e+00	    0.00000000e+00
   1.080000	   -2.11921085e+01	        1.28295927e-02	    2.12049615e+01	    4.44404235e-03	    1.35179496e-03	    1.46517332e-05	    7.01910368e-03	    4.44404235e-03	    0.00000000e+00	    0.00000000e+00
   1.100000	   -2.11869329e+01	        1.80051767e-02	    2.12049615e+01	    8.25685481e-03	    2.70088789e-03	    2.77414629e-05	    7.01969253e-03	    8.25685481e-03	    0.00000000e+00	    0.00000000e+00
   1.120000	   -2.11760623e+01	        2.88757582e-02	    2.12049615e+01	    1.61854690e-02	    5.61399330e-03	    5.60152730e-05	    7.02028063e-03	    1.61854690e-02	    0.00000000e+00	    0.00000000e+00
   1.140000	   -2.11530918e+01	        5.18462824e-02	    2.12049615e+01	    3.28001075e-02	    1.19081557e-02	    1.17150675e-04	    7.02086847e-03	    3.28001075e-02	    0.00000000e+00	    0.00000000e+00
   1.160000	   -2.11044555e+01	        1.00482550e-01	    2.12049615e+01	    6.77001257e-02	    2.55115574e-02	    2.49409405e-04	    7.02145709e-03	    6.77001257e-02	    0.00000000e+00	    0.00000000e+00
   1.180000	   -2.10018221e+01	        2.03115919e-01	    2.12049615e+01	    1.40642461e-01	    5.49158035e-02	    5.35605366e-04	    7.02204863e-03	    1.40642461e-01	    0.00000000e+00	    0.00000000e+00
   1.200000	   -2.07877916e+01	        4.17146476e-01	    2.12049615e+01	    2.90494205e-01	    1.18474649e-01	    1.15497503e-03	    7.02264752e-03	    2.90494205e-01	    0.00000000e+00	    0.00000000e+00
   1.220000	   -2.03525188e+01	        8.52419218e-01	    2.12049615e+01	    5.87054404e-01	    2.55846136e-01	    2.49541535e-03	    7.02326266e-03	    5.87054404e-01	    0.00000000e+00	    0.00000000e+00
   1.240000	   -1.95031845e+01	        1.70175357e+00	    2.12049615e+01	    1.13665950e+00	    5.52673880e-01	    5.39627823e-03	    7.02391099e-03	    1.13665950e+00	    0.00000000e+00	    0.00000000e+00
   1.260000	   -1.79257594e+01	        3.27917867e+00	    2.12049615e+01	    2.06674999e+00	    1.19373071e+00	    1.16733435e-02	    7.02462273e-03	    2.06674999e+00	    0.00000000e+00	    0.00000000e+00
   1.280000	   -1.50908950e+01	        6.11404312e+00	    2.12049615e+01	    3.50474046e+00	    2.57702422e+00	    2.52529942e-02	    7.02544833e-03	    3.50474046e+00	    0.00000000e+00	    0.00000000e+00
   1.300000	   -9.98070326e+00	        1.12242350e+01	    2.12049615e+01	    5.60493199e+00	    5.55765800e+00	    5.46185740e-02	    7.02646909e-03	    5.60493199e+00	    0.00000000e+00	    0.00000000e+00
   1.320000	   -4.95263331e-01	        2.07096753e+01	    2.12049615e+01	    8.61968164e+00	    1.19648962e+01	    1.18069658e-01	    7.02781504e-03	    8.61968164e+00	    0.00000000e+00	    0.00000000e+00
   1.340000	    1.77008019e+01	        3.89057414e+01	    2.12049615e+01	    1.29601974e+01	    2.56835614e+01	    2.54952908e-01	    7.02969733e-03	    1.29601974e+01	    0.00000000e+00	    0.00000000e+00
   1.360000	    5.34559446e+01	        7.46608846e+01	    2.12049615e+01	    1.92438286e+01	    5.48607069e+01	    5.49316534e-01	    7.03246675e-03	    1.92438286e+01	    0.00000000e+00	    0.00000000e+00
   1.380000	    1.24531868e+02	        1.45736809e+02	    2.12049615e+01	    2.83472546e+01	    1.16204192e+02	    1.17832567e+00	    7.03672282e-03	    2.83472546e+01	    0.00000000e+00	    0.00000000e+00
   1.400000	    2.65379720e+02	        2.86584661e+02	    2.12049615e+01	    4.14493825e+01	    2.42622651e+02	    2.50558400e+00	    7.04349008e-03	    4.14493825e+01	    0.00000000e+00	    0.00000000e+00
   1.420000	    5.38354033e+02	        5.59558951e+02	    2.12049615e+01	    5.99872494e+01	    4.94325658e+02	    5.23898847e+00	    7.05448091e-03	    5.99872494e+01	    0.00000000e+00	    0.00000000e+00
   1.440000	    1.04231671e+03	        1.06352140e+03	    2.12049615e+01	    8.53624682e+01	    9.67528122e+02	    1.06237363e+01	    7.07236768e-03	    8.53624682e+01	    0.00000000e+00	    0.00000000e+00
   1.460000	    1.89852274e+03	        1.91972780e+03	    2.12049615e+01	    1.18209972e+02	    1.78104368e+03	    2.04670485e+01	    7.10088133e-03	    1.18209972e+02	    0.00000000e+00	    0.00000000e+00
   1.480000	    3.18736248e+03	        3.20856843e+03	    2.12049615e+01	    1.57326288e+02	    3.01469849e+03	    3.65365042e+01	    7.14419533e-03	    1.57326288e+02	    0.00000000e+00	    0.00000000e+00
   1.500000	    4.85029104e+03	        4.87149766e+03	    2.12049615e+01	    1.99034819e+02	    4.61338976e+03	    5.90658765e+01	    7.20593236e-03	    1.99034819e+02	    0.00000000e+00	    0.00000000e+00
   1.520000	    6.65153094e+03	        6.67273482e+03	    2.12049615e+01	    2.37973593e+02	    6.34942379e+03	    8.53301502e+01	    7.28799801e-03	    2.37973593e+02	    0.00000000e+00	    0.00000000e+00
   1.540000	    8.28024872e+03	        8.30145529e+03	    2.12049615e+01	    2.69401395e+02	    7.92168686e+03	    1.10359641e+02	    7.39009704e-03	    2.69401395e+02	    0.00000000e+00	    0.00000000e+00
   1.560000	    9.53098464e+03	        9.55218953e+03	    2.12049615e+01	    2.91217895e+02	    9.13111665e+03	    1.29847477e+02	    7.50896077e-03	    2.91217895e+02	    0.00000000e+00	    0.00000000e+00
   1.580000	    1.03828549e+04	        1.04040604e+04	    2.12049615e+01	    3.04443168e+02	    9.95703420e+03	    1.42575413e+02	    7.63994673e-03	    3.04443168e+02	    0.00000000e+00	    0.00000000e+00
   1.600000	    1.09336691e+04	        1.09548726e+04	    2.12049615e+01	    3.11686663e+02	    1.04932734e+04	    1.49904687e+02	    7.77869563e-03	    3.11686663e+02	    0.00000000e+00	    0.00000000e+00

solar cell parameters deduced from calculated IV-curve:
Voc =	    1.320708	Volt
Jsc =	   21.19740913	mA/cm2
FF =	   89.1083	%
eta =	   24.9464	%
V_MPP =	    1.201721	Volt
J_MPP =	   20.75888080	mA/cm2



